
In point of coordinates ( -5.0 , 1.0 ), the magnetic induction is  21.11  microTesla.


------Grid of B field values (microTesla)------
----Point of interest in the matrix center-----

 [[30.61 33.64 37.06 40.84 44.87 48.82 52.06 53.6  52.48 48.49 42.39 35.38
  28.42]
 [27.93 30.31 32.88 35.56 38.21 40.56 42.2  42.64 41.52 38.77 34.75 30.03
  25.16]
 [25.47 27.34 29.27 31.19 32.96 34.4  35.27 35.31 34.36 32.43 29.69 26.46
  23.1 ]
 [23.26 24.73 26.19 27.58 28.81 29.73 30.22 30.13 29.4  28.03 26.15 23.94
  21.63]
 [21.3  22.46 23.58 24.62 25.49 26.12 26.41 26.31 25.77 24.82 23.52 22.02
  20.45]
 [19.55 20.48 21.36 22.15 22.8  23.26 23.46 23.38 23.01 22.35 21.47 20.45
  19.39]
 [18.01 18.77 19.47 20.09 20.59 20.94 21.11 21.07 20.82 20.38 19.79 19.1
  18.38]
 [16.65 17.28 17.85 18.35 18.75 19.04 19.18 19.18 19.03 18.75 18.35 17.9
  17.42]
 [15.45 15.97 16.44 16.86 17.19 17.44 17.58 17.61 17.53 17.35 17.1  16.81
  16.49]
 [14.38 14.82 15.22 15.57 15.86 16.07 16.21 16.26 16.24 16.14 15.99 15.8
  15.6 ]
 [13.42 13.8  14.14 14.45 14.7  14.89 15.03 15.1  15.11 15.07 14.99 14.88
  14.75]
 [12.56 12.89 13.19 13.46 13.68 13.86 13.99 14.08 14.11 14.11 14.08 14.02
  13.95]
 [11.79 12.08 12.34 12.58 12.78 12.95 13.08 13.17 13.22 13.25 13.24 13.22
  13.18]]

The value of the DPA (Distanza di Prima Approssimazione) is  32.0  meters from the cables' center of gravity abscissa.

