
In point of coordinates ( -20.5 , 1.0 ), the magnetic induction is  2.99  microTesla.


------Grid of B field values (microTesla)------
----Point of interest in the matrix center-----

 [[2.46 2.57 2.69 2.82 2.95 3.1  3.25 3.42 3.6  3.8  4.01 4.24 4.49]
 [2.44 2.55 2.67 2.79 2.92 3.06 3.22 3.38 3.56 3.75 3.95 4.18 4.42]
 [2.42 2.53 2.64 2.76 2.89 3.03 3.18 3.34 3.51 3.69 3.89 4.11 4.35]
 [2.39 2.5  2.61 2.73 2.85 2.99 3.13 3.29 3.46 3.64 3.83 4.04 4.27]
 [2.37 2.47 2.58 2.69 2.82 2.95 3.09 3.24 3.4  3.58 3.76 3.96 4.18]
 [2.34 2.44 2.54 2.66 2.78 2.9  3.04 3.19 3.34 3.51 3.69 3.89 4.1 ]
 [2.31 2.41 2.51 2.62 2.74 2.86 2.99 3.13 3.28 3.45 3.62 3.81 4.01]
 [2.28 2.37 2.47 2.58 2.69 2.81 2.94 3.08 3.22 3.38 3.54 3.72 3.91]
 [2.25 2.34 2.44 2.54 2.65 2.76 2.89 3.02 3.16 3.31 3.47 3.64 3.82]
 [2.22 2.3  2.4  2.5  2.6  2.71 2.83 2.96 3.09 3.24 3.39 3.55 3.72]
 [2.18 2.27 2.36 2.45 2.56 2.66 2.78 2.9  3.03 3.16 3.31 3.46 3.63]
 [2.15 2.23 2.32 2.41 2.51 2.61 2.72 2.84 2.96 3.09 3.23 3.38 3.53]
 [2.11 2.19 2.28 2.37 2.46 2.56 2.66 2.78 2.89 3.02 3.15 3.29 3.44]]

The value of the DPA (Distanza di Prima Approssimazione) is  22.0  meters from the cables' center of gravity abscissa.

